ep,w,mean_delay,mean_energy,violation_rate,p95,alpha,H,c_loss
0,0.8922779508025694,19.14281530955729,0.030499616413635747,0.35555555555555557,54.54432565949635,nan,nan,nan
1,0.6403453664625091,15.497570265834986,0.05840517310534152,0.265625,59.40963949800647,nan,nan,nan
2,0.9999803050523627,12.433579247986536,0.06510754243103713,0.22033898305084745,52.5709496896159,nan,nan,nan
3,0.5430780586594809,9.566766686926085,0.04496850728715263,0.12857142857142856,26.997121298232113,nan,nan,nan
4,0.0799765133718275,10.817758873344232,0.041160595449108425,0.18421052631578946,36.43270299268522,0.30000001192092896,0.12696734070777893,0.3036647140979767
5,0.9878973124356244,14.195827562664341,0.05546809492810288,0.2988505747126437,54.441222724270055,0.30000001192092896,0.1710823304951191,0.10434346521273255
6,0.180174577801818,12.018898671109607,0.07874227448633199,0.17567567567567569,42.49012709253314,0.30000001192092896,0.18058371543884277,0.06707943441346288
7,0.005405034889218205,11.198725787568579,0.029787518111454477,0.23404255319148937,40.94248246570448,0.30000001192092896,0.17612995602190495,0.04085271397605538
8,0.09190063374998986,14.003824723108089,0.03339786019493614,0.22580645161290322,53.0390110310179,0.30000001192092896,0.1726800447702408,0.0479407356865704
9,0.16443574651641907,19.22061593222755,0.05792623221311798,0.3333333333333333,64.03601924866706,0.30000001192092896,0.1744976344704628,0.0633085522800684
10,0.2270392761767149,15.429659542942206,0.0501317149475332,0.26582278481012656,55.788666999504734,0.30000001192092896,0.16723074346780778,0.07225774012506009
11,0.2672829187737272,14.95203748818385,0.050946569565431615,0.2894736842105263,33.56873566289729,0.30000001192092896,0.17619997695088385,0.08968994241207838
12,0.9844103094339469,8.438742287628743,0.06779959773437472,0.12903225806451613,49.401107821236415,0.30000001192092896,0.1719428387284279,0.1038635877147317
13,0.5856123603062194,14.142850341175054,0.07624001615268128,0.24675324675324675,50.49037391076359,0.30000001192092896,0.17458063185214998,0.10894447408616542
14,0.01512492664199591,19.550988474079816,0.03023572424382839,0.38461538461538464,57.94579567965006,0.30000001192092896,0.18910370126366616,0.09934862717986107
15,0.5824347224212483,12.554879658918132,0.057869775505874806,0.1956521739130435,53.45057232478368,0.30000001192092896,0.1963297115266323,0.10278683051466941
16,0.9801147527355525,14.527470222184675,0.10260831185025122,0.25301204819277107,42.78691966019482,0.30000001192092896,0.21516740590333938,0.10555069029331207
17,0.25080811272303305,10.470711872405664,0.01930148491885285,0.15555555555555556,33.90890325043627,0.30000001192092896,0.23134550392627717,0.10415617410093546
18,0.26254189566989333,18.21772190693932,0.03243017856275395,0.4594594594594595,39.17758128150186,0.30000001192092896,0.250515366345644,0.10604311004281045
19,0.004564952958312766,22.696320619576095,0.02207994984896972,0.46938775510204084,61.85132910788123,0.30000001192092896,0.295174328237772,0.1222480358928442
20,0.5690172363238826,10.613029121353957,0.05654061068501259,0.20224719101123595,43.79471480375561,0.30000001192092896,0.34043205454945563,0.1263354142010212
21,0.005287960597338685,8.442911530136417,0.028793292604216297,0.1125,26.675867581720663,0.30000001192092896,0.40396456569433215,0.12252565190196037
22,0.8368328284629578,16.630188754869422,0.018817873357226147,0.32786885245901637,46.309287687587094,0.30000001192092896,0.42927209615707396,0.1176977439969778
23,0.11431430237882967,10.291276118716858,0.035219001987536074,0.14492753623188406,33.24709101764896,0.30000001192092896,0.4478806510567665,0.11927543811500073
24,0.009277423563136024,28.294085760574845,0.015099076674710337,0.5675675675675675,68.47885411759411,0.30000001192092896,0.46445889711380006,0.11780546769499779
25,0.05231651469808032,10.192583929136335,0.018961109918463143,0.15789473684210525,26.61596593893254,0.30000001192092896,0.46027933090925216,0.1368574845045805
26,0.9380092525331762,28.023969479361885,0.018013551876884977,0.5925925925925926,65.65715296705187,0.30000001192092896,0.44245562940835953,0.1369717673957348
27,0.12024934374258243,14.439792855673675,0.011516762773216203,0.21428571428571427,63.70332971449907,0.30000001192092896,0.42833596497774123,0.1431777635216713
28,0.005542724856385549,17.542852370239043,0.028936344765773312,0.36538461538461536,53.58565693214705,0.30000001192092896,0.42008340150117873,0.1569454822316766
29,0.20650658969899663,9.242227217567121,0.0281850616533048,0.16216216216216217,53.749026274098554,0.30000001192092896,0.4247715273499489,0.15336719572544097
30,0.12651675196101148,11.719687134601847,0.033909436671140346,0.24528301886792453,33.385687500953594,0.30000001192092896,0.42382766425609586,0.14219246610999106
31,0.9989435971942097,11.371666256308963,0.025299761043222065,0.18181818181818182,47.173596467874546,0.30000001192092896,0.41964079469442367,0.12787822529673576
32,0.1378325300655086,17.09208951345295,0.029570055499964665,0.3125,57.997931612360134,0.30000001192092896,0.4187178808450699,0.11623476199805736
33,0.14799444555822688,7.837491245480107,0.05375335304714067,0.1095890410958904,29.850498867589625,0.30000001192092896,0.41437019526958463,0.11281624477356672
34,0.3463059270935607,7.7461456560886965,0.05996717759158816,0.1111111111111111,37.02052715208124,0.30000001192092896,0.4187490111589432,0.10214709017425776
35,0.20985041645886515,16.48808198355784,0.026884589276042512,0.3225806451612903,57.69453890925568,0.30000001192092896,0.42174767702817917,0.09859788283705712
36,0.6861692221218988,3.117513584453749,0.024728073658600417,0.021505376344086023,12.128476745336075,0.30000001192092896,0.42190960586071014,0.08940274242311716
37,0.05130675836718632,9.57378622224124,0.04793484313533893,0.16417910447761194,44.66629213057071,0.30000001192092896,0.42284596145153047,0.08588820531964302
38,0.0698785836636476,17.766537667942472,0.013832548953469057,0.3548387096774194,62.339035948539944,0.30000001192092896,0.4254917067289352,0.07705965839326381
39,0.9675434764606989,7.782474785684528,0.04988373744458971,0.09574468085106383,23.266053678810536,0.30000001192092896,0.42222857892513277,0.08486400809139014
40,0.25309708972026473,11.989935384159125,0.036859400181492266,0.1794871794871795,50.01247211952664,0.30000001192092896,0.4181076121330261,0.07141345050185918
41,0.6477416079692474,18.501671060427274,0.047063681366343,0.38461538461538464,46.482946794413124,0.30000001192092896,0.421148764193058,0.07549370091408492
42,0.7160292646641668,6.407370136717271,0.03397163818617498,0.07792207792207792,32.681523855254696,0.30000001192092896,0.4245723628997803,0.07659615591168403
43,0.22033837521305066,13.316663677804119,0.010007029140388712,0.25925925925925924,50.49232385707571,0.30000001192092896,0.41507956057786943,0.06801099110394716
44,0.4528403755138615,13.817115503771943,0.016690590743870783,0.2777777777777778,42.78398005978768,0.30000001192092896,0.4191295826435089,0.06967163383960724
45,0.8880128725160685,6.6658204218842565,0.049552834581938314,0.07692307692307693,27.02633880117211,0.30000001192092896,0.4151322793960571,0.0659212613478303
46,0.8281844671016081,9.153851622505638,0.012428947481445246,0.18181818181818182,31.832200284902424,0.30000001192092896,0.4184163081645966,0.06134225957095623
47,0.419816042611835,13.967370266702535,0.010727538715133251,0.25,52.1590471726276,0.30000001192092896,0.41723698407411575,0.06653593076393008
48,0.02820843428122668,5.559087182963269,0.02814161933561955,0.06172839506172839,21.70711728582523,0.30000001192092896,0.41218418210744856,0.05565525960177183
49,0.29405348113568874,14.367149399502058,0.017034216089538215,0.3,42.22871163361907,0.30000001192092896,0.4098330569267273,0.0587811479344964
50,0.814802303659934,11.315059382612539,0.0500631682626017,0.18421052631578946,46.759626509424955,0.30000001192092896,0.4167182642221451,0.05806553976610303
51,0.6728445844054173,4.8479009644896305,0.05123055471048196,0.06666666666666667,21.22487512852338,0.30000001192092896,0.42214112788438796,0.05393611285835505
52,0.016450970171320457,19.27076604882747,0.043788738306642365,0.4067796610169492,52.66767682983115,0.30000001192092896,0.4196590578556061,0.05105860646814108
53,0.5515539907518919,6.892477916027765,0.04806418140317961,0.10975609756097561,37.787779139631255,0.30000001192092896,0.46938495337963104,0.06341792017221451
54,0.4418780159165667,6.281618602953833,0.050921059236190475,0.056179775280898875,21.46709018282724,0.30000001192092896,0.4905500712990761,0.050240432731807234
55,0.2788236344742304,12.769167218421615,0.06623695697188729,0.19402985074626866,38.370261652018314,0.30000001192092896,0.5040894284844398,0.04575726302340627
56,0.069468917832407,9.880801466050782,0.0356833311566522,0.16417910447761194,29.77939664801924,0.30000001192092896,0.5097069317102432,0.04014857290312648
57,0.33391002579446927,10.690158919663569,0.038845078854923214,0.19298245614035087,44.75872373396654,0.30000001192092896,0.5120568200945854,0.03635533966124058
58,0.9998395010234646,13.36225864903848,0.023382288169900605,0.18,54.70169918666053,0.30000001192092896,0.5145235395431519,0.036871733199805024
59,0.8116887431306407,14.347526707266057,0.011337385279579844,0.36363636363636365,41.42550324098204,0.30000001192092896,0.5059308072924614,0.03807930838316679
60,0.20499077354941286,11.258231956309563,0.03147801446216549,0.2261904761904762,40.68905422343115,0.30000001192092896,0.5155366033315658,0.0368794896453619
61,0.5644223913226761,8.820705902390126,0.027476488088437962,0.1111111111111111,28.31374441890027,0.30000001192092896,0.5240058091282844,0.03477154629305005
62,0.38556273764589977,9.091324983061904,0.060007410706291175,0.10714285714285714,50.91040779475627,0.30000001192092896,0.5282534712553024,0.03481548560783267
63,0.5419588190279996,8.965355304646422,0.03228304698123987,0.13793103448275862,46.617553531823376,0.30000001192092896,0.5259565043449402,0.032150203734636305
64,0.8588920556549065,5.8725897334717345,0.046857935424722885,0.04411764705882353,19.556735884739147,0.30000001192092896,0.5358266615867615,0.032661869153380395
65,0.482069318925686,7.002004045794638,0.04096499917866833,0.15625,35.43050053057943,0.30000001192092896,0.5344884517788887,0.03140821017324925
66,0.0038952564341321904,7.837437442330495,0.0272141531638142,0.09523809523809523,24.649535111540683,0.30000001192092896,0.5278859141469002,0.03207669364288449
67,0.7645038448286792,7.926888731109453,0.08174988030914769,0.08974358974358974,26.56558670748408,0.30000001192092896,0.5234002888202667,0.03420616751536727
68,0.11515628554282875,8.711390268445248,0.026913403479593364,0.14285714285714285,41.40505073940536,0.30000001192092896,0.5310810855031014,0.03416747098788619
69,0.9649612951086378,21.943005346534367,0.03897633483721617,0.3488372093023256,71.22059552955471,0.30000001192092896,0.5301326480507851,0.030409453753381967
70,0.4819467268432517,7.048289225550961,0.049753938775328896,0.10810810810810811,34.57754455370968,0.30000001192092896,0.5251086744666099,0.03293482679873705
71,0.765732636425921,8.646111666287172,0.030371301165972583,0.18333333333333332,45.381945466279845,0.30000001192092896,0.5189847573637962,0.0287570717651397
72,0.0024153882005506356,11.816715942459126,0.03241069619232347,0.21794871794871795,37.75520012333856,0.30000001192092896,0.5301066672801972,0.02955635284073651
73,0.008523910107851732,12.365442654014686,0.053037142249043046,0.22666666666666666,39.578420223103564,0.30000001192092896,0.5340394207835197,0.02868049235083163
74,0.673080204995687,9.637061653386285,0.021069352590219432,0.1780821917808219,53.2952406316371,0.30000001192092896,0.5399328303337098,0.026217028200626373
75,0.2609460769459291,10.581074752781115,0.02575120517086519,0.19148936170212766,40.08997661620726,0.30000001192092896,0.5305035606026649,0.025109100537374616
76,0.2673025305789726,18.890815904772392,0.040017164305828634,0.37254901960784315,67.09604248526334,0.30000001192092896,0.5324918591976165,0.029723993772640823
77,0.9828052300808952,9.968286861670325,0.05119426237767417,0.15714285714285714,45.12172732732739,0.30000001192092896,0.5310619002580643,0.026714410204440354
78,0.999940106411571,18.34057111208201,0.057039543855417145,0.3,65.28170594003795,0.30000001192092896,0.5272328147292137,0.02823589994572103
79,0.9965960271331725,12.42410567227807,0.05248226061295042,0.24390243902439024,47.917127723697696,0.30000001192092896,0.5301280680298806,0.027910880632698535
80,0.042385223340194976,9.905251553612471,0.031970024388489664,0.14634146341463414,35.604328777935756,0.30000001192092896,0.5407458314299584,0.02893754931166768
81,0.8285743628810948,8.240826210936346,0.03629236404796674,0.12698412698412698,52.206679425222234,0.30000001192092896,0.5423516508936882,0.02993391204625368
82,0.6130440296107352,11.354633479316403,0.05239562037615437,0.1780821917808219,42.51892259696011,0.30000001192092896,0.5597578144073486,0.02947993223555386
83,0.8705418602457116,15.621833993207636,0.08276321950711944,0.2777777777777778,55.1889613275205,0.30000001192092896,0.572355226278305,0.026935528423637153
84,0.7459896463637198,9.549396799781883,0.06442381493561274,0.1686746987951807,31.705162852338436,0.30000001192092896,0.5883776637911796,0.025934456195682288
85,0.0033553178663094617,9.896715592485885,0.051334620160712455,0.1744186046511628,31.78389046485624,0.30000001192092896,0.5883977371454239,0.026250039916485546
86,0.9980807273201205,9.374415679696444,0.04388164197221538,0.12698412698412698,37.31112944499713,0.30000001192092896,0.582894669175148,0.024661372546106577
87,0.9994475098984459,6.20357256466259,0.04585322274000757,0.07526881720430108,22.371254594438966,0.30000001192092896,0.5924686110019683,0.02644981289282441
88,0.9691837353247046,11.767586846215021,0.0685770266999917,0.2073170731707317,35.49902241858627,0.30000001192092896,0.5927499043941498,0.026935755936428905
89,0.1569248811197946,3.2358630006236857,0.029551505759110943,0.020618556701030927,12.109633923256393,0.30000001192092896,0.587037553191185,0.027827150542289018
90,0.6746830350713046,15.994039923912295,0.031620711443355536,0.2857142857142857,46.23699669396326,0.30000001192092896,0.5865222311019898,0.026444858629256485
91,0.035342804803019316,12.894557162721192,0.03735905461007998,0.3148148148148148,45.99365851976365,0.30000001192092896,0.5902028793096542,0.028298634812235834
92,0.16582626193974595,11.947474761022491,0.04018975828076586,0.25,42.03466073850974,0.30000001192092896,0.5887802651524544,0.026447137333452702
93,6.4872802150094e-05,18.249710265234864,0.032814855149224255,0.3333333333333333,50.84360242853936,0.30000001192092896,0.5816504311561584,0.02668249507434666
94,0.7832796757050104,6.044487930059323,0.05398075413720579,0.06493506493506493,30.846697758880016,0.30000001192092896,0.584961342215538,0.028002630397677423
95,0.9994926050040461,11.84770799831275,0.046643825351102494,0.24,34.56816047393542,0.30000001192092896,0.5934306687116623,0.02384759495034814
96,0.7787727022680702,10.024033722775158,0.03844227218030615,0.14285714285714285,35.324809799058734,0.30000001192092896,0.581515274643898,0.02806902622804046
97,0.27656692005571987,9.683997305395568,0.05848565217000123,0.17721518987341772,36.82626414066874,0.30000001192092896,0.5930947989225388,0.025536355720832946
98,0.003789170522098421,10.35904891670489,0.05752380151845489,0.1375,33.240409453378746,0.30000001192092896,0.5772341173887253,0.02551331871189177
99,0.7787437227910163,13.764927658357147,0.05918288678553522,0.16981132075471697,52.05656841554178,0.30000001192092896,0.6074447640776635,0.02479248429648578
100,0.3836673516484132,7.222372760510926,0.0615121354499584,0.05813953488372093,20.13128357070182,0.30000001192092896,0.6387973523139954,0.025462169367820024
101,0.8950606515782993,9.515329673646855,0.08202347099284046,0.16,37.78804083623799,0.30000001192092896,0.6305509907007217,0.027003162149339913
102,0.3052618201103165,15.255985053422497,0.03138707051662871,0.2537313432835821,59.55623510993232,0.30000001192092896,0.6497190195322037,0.023811271199956536
103,0.3661790591424053,6.781525659028938,0.04037106862373004,0.1506849315068493,35.275863996281416,0.30000001192092896,0.6387128603458404,0.025682635605335236
104,0.09537997113551552,11.970131069045799,0.04536340307125097,0.20689655172413793,38.069185365042905,0.30000001192092896,0.6417527019977569,0.024883259534835816
105,0.9812916293447724,13.322184996334292,0.07628238432559369,0.2,57.65689850067324,0.30000001192092896,0.6377635169029235,0.026927835354581476
106,0.9524846039803314,11.68421032887444,0.048974353675859,0.21333333333333335,43.359155653033305,0.30000001192092896,0.6385593008995056,0.02751048977486789
107,0.17126558538272318,8.98007240237347,0.05526954600971897,0.15476190476190477,32.252258218347706,0.30000001192092896,0.6554126560688018,0.026619391944259406
108,0.9876793664429558,10.044582438415237,0.04324556014678631,0.2028985507246377,47.74863976414626,0.30000001192092896,0.6510256999731063,0.02593971068970859
109,0.00050696548935948,11.350638258058495,0.03769194096493163,0.208955223880597,39.611497598113544,0.30000001192092896,0.646388269662857,0.026136755142360926
110,0.9378050455036251,8.973031040989692,0.058789407145086736,0.1978021978021978,30.851889787158537,0.30000001192092896,0.6609692168235779,0.027174251563847066
111,0.05791701379311116,11.315981683665138,0.037437469774577264,0.22058823529411764,37.41421895437172,0.30000001192092896,0.6552840673923492,0.02740005264990032
112,0.5599996244389486,9.363015226442648,0.05816061986568057,0.20588235294117646,35.04774577779165,0.30000001192092896,0.6644740861654281,0.02420142243616283
113,0.9951347449772452,13.291326267231026,0.04849733108890481,0.2345679012345679,38.05719239978724,0.30000001192092896,0.6677337288856506,0.025011412389576434
114,0.7480943845619626,11.558149027611124,0.09035340861390452,0.1794871794871795,41.50229692939364,0.30000001192092896,0.665306282043457,0.027668245676904915
115,0.2242988179408536,8.717824205421655,0.03900664899029686,0.07272727272727272,26.659246057777658,0.30000001192092896,0.679700397849083,0.026709821103140713
116,0.4616457980273273,10.275082833618404,0.05063101470475319,0.1375,33.45459580912278,0.30000001192092896,0.6695135718584061,0.026653773076832296
117,0.20585617097698744,10.616202919052252,0.04363661853504597,0.1875,42.03811863169594,0.30000001192092896,0.6865863406658173,0.02705604230053723
118,0.039437509145933136,10.662047149611213,0.03454642333489104,0.2037037037037037,47.6797309832275,0.30000001192092896,0.6771202677488327,0.026243045888841153
119,0.6134872002506228,8.82143755240846,0.06752740026244752,0.14285714285714285,32.071270843809906,0.30000001192092896,0.6842362236976623,0.026093662604689597
120,0.17556191955985237,8.48909777866126,0.03778747856773973,0.11494252873563218,29.380517593512725,0.30000001192092896,0.6845869517326355,0.026681301314383746
121,0.47983863036690816,10.601442616228331,0.06703437565463868,0.17333333333333334,34.94524319724706,0.30000001192092896,0.687941986322403,0.028279008474200965
122,0.30747062485556426,12.012225639589785,0.04478766172875588,0.19736842105263158,51.86585394396478,0.30000001192092896,0.6886531066894531,0.025753529844805598
123,0.13549334036037278,12.58408587454668,0.05940038923486397,0.2318840579710145,44.68763611853483,0.30000001192092896,0.69177963078022,0.02867578832432628
124,0.45632723012502346,12.181584723750321,0.05544178111256328,0.21518987341772153,51.40456776042248,0.30000001192092896,0.697428132891655,0.027146387770771982
125,0.0001323202856678749,11.456972335408732,0.05023098372908329,0.15476190476190477,37.53135868577004,0.30000001192092896,0.7051550155878067,0.02922687316313386
126,0.5583559989621798,6.181432879308773,0.04194184135015042,0.10256410256410256,28.26872577809885,0.30000001192092896,0.7084148263931275,0.027811788599938155
127,0.5438819600216863,11.591486280302899,0.046271581884794744,0.19696969696969696,35.93323965116094,0.30000001192092896,0.7049090760946274,0.027094806479290127
128,0.9622906314749915,6.8218363726943005,0.05694315801379787,0.08333333333333333,22.504514693795628,0.30000001192092896,0.7048934853076935,0.02724649746902287
129,0.007851124700954776,19.01036712522964,0.027651404248032196,0.3877551020408163,66.58698073991144,0.30000001192092896,0.7050775742530823,0.025243772948160766
130,0.11325711754268364,7.55000833741063,0.042645731223493036,0.04819277108433735,19.86091149752643,0.30000001192092896,0.7146589082479476,0.02966523342765868
131,0.04702127072203551,14.66528633306155,0.04151766279486526,0.29069767441860467,38.69067099794495,0.30000001192092896,0.7101891946792602,0.02746834659948945
132,0.7341306843687684,6.06213500596921,0.04965781854845185,0.06741573033707865,21.27263373452022,0.30000001192092896,0.7109564638137817,0.02813162167556584
133,0.6471051319485117,7.148760419768092,0.04409775447005406,0.07692307692307693,25.88334803321595,0.30000001192092896,0.7177574813365937,0.028331531658768654
134,0.4189015058303651,7.18041554141206,0.03020175760212828,0.1323529411764706,30.306331821017118,0.30000001192092896,0.7205269676446915,0.02927369251847267
135,0.009123471443658278,14.667020988682193,0.04603156327315411,0.273972602739726,39.486232631000604,0.30000001192092896,0.7097507095336915,0.030100454203784467
136,0.18868854958692877,11.312277073186987,0.06348035022448009,0.175,48.43342457854446,0.30000001192092896,0.7070947259664535,0.02842287888750434
137,0.1832877374307166,7.859821107935323,0.05015885133712178,0.08823529411764706,30.294085089852558,0.30000001192092896,0.7127118676900863,0.030626791063696146
138,0.3387645666604276,6.650815190027245,0.053441434577740074,0.06097560975609756,25.131802775807596,0.30000001192092896,0.713289600610733,0.028947492055594923
139,0.07544539035065331,11.391345397635517,0.04193392720398928,0.2054794520547945,32.2342108292952,0.30000001192092896,0.7243887686729431,0.02756282899528742
140,0.5629665542551832,5.392680553460302,0.051961905936752546,0.03529411764705882,16.212190191148807,0.30000001192092896,0.7231251215934753,0.03013952437788248
141,0.0005468388761141562,11.294090418489677,0.04345218855221449,0.13725490196078433,26.269039837634015,0.30000001192092896,0.7196782737970352,0.029726183470338584
142,0.5164140820955077,17.5138480979313,0.056996475992414655,0.32941176470588235,51.764043833561004,0.30000001192092896,0.7305391675233841,0.02783560734242201
143,0.1107219441241812,7.095463122433154,0.040911116119674615,0.10666666666666667,27.546497819983703,0.30000001192092896,0.7347552895545959,0.029688744638115168
144,0.02124992473917721,16.408215884296787,0.031404910555209956,0.296875,53.84438019832565,0.30000001192092896,0.7305941188335419,0.030903174206614495
145,0.407094807736367,13.39268611681404,0.05228906890978116,0.2777777777777778,41.55147950621954,0.30000001192092896,0.7355250251293183,0.027609297707676887
146,0.9903290246696572,7.163434156453393,0.06346197261365356,0.07608695652173914,29.42337637337735,0.30000001192092896,0.7375371533632279,0.029417721424251794
147,0.8592263624582468,13.033489354002265,0.0683533992748098,0.1774193548387097,50.6361990850951,0.30000001192092896,0.7281803470849991,0.030750134754925967
148,0.9055871750404652,6.086673159101441,0.06085460142426826,0.10588235294117647,26.536462057847586,0.30000001192092896,0.7263856279850006,0.02909644877538085
149,0.11421933583870698,8.852107276897629,0.03969383861315524,0.13114754098360656,32.02310802989838,0.30000001192092896,0.7383206468820572,0.02840517982840538
150,0.37315447784922395,12.615757195063773,0.04228601765688856,0.22666666666666666,41.34920390207636,0.30000001192092896,0.7374363285303116,0.029513589926064013
151,0.2260047833174364,11.527206523774606,0.03554788269282948,0.1794871794871795,45.538021390353386,0.30000001192092896,0.7307705748081207,0.02995394853875041
152,0.18810016745598107,8.876017534211595,0.02274613521212373,0.15714285714285714,32.39051622713754,0.30000001192092896,0.72859718978405,0.030166910961270332
153,0.9001163327623655,4.541268773743542,0.07688406834699207,0.01098901098901099,15.218124087951015,0.30000001192092896,0.7209017938375473,0.030245400965213776
154,0.06820999786590658,15.725815216969034,0.03257878840687584,0.2753623188405797,64.05635812576278,0.30000001192092896,0.7218369340896607,0.03051496943458915
155,0.19477101582946674,10.647839320039026,0.03872676243086224,0.18421052631578946,34.97440038849817,0.30000001192092896,0.7343536287546157,0.03215003719553351
156,0.5085941752733562,19.716037654250933,0.05557817301070429,0.4222222222222222,48.331653084267884,0.30000001192092896,0.733924452662468,0.029122044779360295
157,0.07327598982856458,14.001371764773294,0.02620083759553988,0.32608695652173914,37.9724814448741,0.30000001192092896,0.7297671222686768,0.03263730626553297
158,0.8539026394011761,7.853855308047132,0.05523316355329685,0.08974358974358974,25.42860601005686,0.30000001192092896,0.7280670702457428,0.027225961526855826
159,0.0068267870881362856,8.649079496804482,0.04151597812204603,0.10975609756097561,24.44866845183433,0.30000001192092896,0.7247989076375961,0.0314710402674973
160,0.182246463590623,14.185508343897007,0.055774078716360816,0.3472222222222222,35.25032319640098,0.30000001192092896,0.7212156826257705,0.029660598039627076
161,0.08785916633660266,8.215909653530916,0.042765306115886366,0.10975609756097561,32.130820568969774,0.30000001192092896,0.7305351072549819,0.028540804516524076
162,0.2877100445593168,15.226210585296215,0.03734090963783563,0.32,40.77000980663804,0.30000001192092896,0.7362608134746551,0.029702512752264737
163,0.9874486404228281,11.6032722569907,0.061227719809307614,0.13580246913580246,47.59615710909693,0.30000001192092896,0.7246013194322586,0.03397447569295764
164,0.11102817133769195,13.473432110294135,0.044027476360107363,0.25,39.91807466989027,0.30000001192092896,0.7355444049835205,0.03069334924221039
165,0.6381591861778588,9.957996876744838,0.04945042103800796,0.19230769230769232,33.877395618153365,0.30000001192092896,0.7389589709043503,0.028309464789927005
166,0.9449937703012948,7.992608918183746,0.05484219465945495,0.13043478260869565,36.86039871991968,0.30000001192092896,0.7410104751586915,0.028506942838430405
167,0.08122988887543402,7.403189095117131,0.023237566976211148,0.05128205128205128,16.902187002784984,0.30000001192092896,0.7418047255277633,0.028014452029019594
168,0.9999942872861591,6.7961819236760626,0.0711450358750524,0.07228915662650602,29.883248443178562,0.30000001192092896,0.726390078663826,0.029407078046351672
169,0.7637130786156484,8.70933238912441,0.040234209298797355,0.07317073170731707,38.31497827784173,0.30000001192092896,0.7230906951427459,0.029646556973457337
170,0.11329442077047164,7.369866316464538,0.031007913235845213,0.1388888888888889,28.778849060915327,0.30000001192092896,0.7452423298358917,0.029189038705080748
171,0.7150059479549342,11.314463679506643,0.05671804818401742,0.18072289156626506,35.40421023374017,0.30000001192092896,0.7299287122488022,0.03131466664373875
172,0.8694833584204484,6.705206399412202,0.03447715236827082,0.09090909090909091,21.868276385231713,0.30000001192092896,0.7400919371843337,0.028004808966070414
173,0.9652172775188502,9.106068860250723,0.04462804165385093,0.13978494623655913,28.926626166958837,0.30000001192092896,0.746682111620903,0.030813483204692602
174,0.6158768266653438,11.846926343781186,0.049205960859327685,0.2235294117647059,35.267135879429425,0.30000001192092896,0.7381184661388397,0.0318013852275908
175,0.4416263246133564,5.69897137032853,0.019729742156893125,0.05555555555555555,19.95714281190596,0.30000001192092896,0.7472411704063415,0.031200317218899726
176,0.1317598959073177,7.137534420038472,0.027125370510230676,0.04878048780487805,19.86495246289511,0.30000001192092896,0.7397653532028198,0.02869518529623747
177,0.9933195273130849,9.90517311459699,0.07841138356564946,0.11764705882352941,45.620206328635675,0.30000001192092896,0.750707575082779,0.03209727792069316
178,0.9994574505182096,8.62314151022077,0.05891342844719787,0.05747126436781609,30.314120913307615,0.30000001192092896,0.7687152457237244,0.030704829096794128
179,0.7810009087726622,8.721879926270955,0.03860283361448421,0.1518987341772152,43.74900922795558,0.30000001192092896,0.7653035306930542,0.029604571368545295
180,0.9968931351792704,9.177770064612057,0.0790672941250472,0.12359550561797752,32.44505614448529,0.30000001192092896,0.7540302169322968,0.030270154383033515
181,0.5727245576829595,5.760580420644164,0.05214684271493146,0.07777777777777778,24.479613574686685,0.30000001192092896,0.7702166229486466,0.03028757879510522
182,0.502638776089338,9.096618634846731,0.046967739522119696,0.15942028985507245,40.95853270880064,0.30000001192092896,0.7670039981603622,0.028221048656851055
183,0.9575474617315733,10.492420749032744,0.077500613834637,0.11764705882352941,42.97776121361819,0.30000001192092896,0.7665332233905793,0.02826941778883338
184,0.010337378951743633,15.578685172807603,0.03165412983833464,0.31666666666666665,41.61183631368207,0.30000001192092896,0.7635748660564423,0.028834544718265534
185,0.016248695660594725,10.54380449354895,0.02553631589625583,0.14705882352941177,32.87967105781084,0.30000001192092896,0.7772837299108505,0.030476162992417812
186,0.6204758654521562,8.30923189161204,0.05938097270757881,0.11363636363636363,36.13029108855025,0.30000001192092896,0.7604851388931274,0.0290678477846086
187,0.1844153225440896,14.331813505148732,0.03983898290770126,0.208955223880597,55.202801656803544,0.30000001192092896,0.7818991160392761,0.02847946509718895
188,0.4586929018469328,10.65188537194125,0.04633546886844618,0.16883116883116883,33.102797486292914,0.30000001192092896,0.7720085018873215,0.03040285049006343
189,0.18246792911981458,11.28265257601116,0.0296092454065756,0.2,48.489562749846804,0.30000001192092896,0.7743607926368713,0.029845915157347917
190,0.9998604226866199,11.129395684095599,0.05213813582177363,0.1978021978021978,31.5362118314371,0.30000001192092896,0.7814661151170731,0.028477503173053264
191,0.34069935970784254,6.692692874532376,0.041028389564721296,0.07058823529411765,21.30056716391716,0.30000001192092896,0.7777420026063919,0.029229596555233002
192,0.9699097559093831,10.934665760856364,0.0858861023319645,0.16470588235294117,34.086791704093756,0.30000001192092896,0.780632164478302,0.027653339393436907
193,0.11921046967194684,11.403513437651808,0.03866906325323688,0.16176470588235295,55.86656384498769,0.30000001192092896,0.7829978519678116,0.02625194175168872
194,0.4111773303890306,11.756071878532262,0.050331498038622156,0.24285714285714285,41.166265768676915,0.30000001192092896,0.792352768778801,0.02758702650666237
195,0.9923558736292184,7.535503782955428,0.07235665131133352,0.047058823529411764,17.886730030654295,0.30000001192092896,0.7725920361280442,0.031460858546197415
196,0.6233066647611666,7.055844118986585,0.043975372261236996,0.07954545454545454,21.423855002348304,0.30000001192092896,0.7863933062553405,0.02757559733465314
197,0.9465077947809537,10.197931606746526,0.06790850279752471,0.16091954022988506,26.867250505721604,0.30000001192092896,0.7763303840160369,0.028341472875326873
198,0.8270988341658485,7.70789231940557,0.047623611704255796,0.10112359550561797,23.45904933262992,0.30000001192092896,0.7897869265079498,0.032884213868528606
199,0.7564542679052947,8.135173187149098,0.0665338641836512,0.06172839506172839,27.899130944410686,0.30000001192092896,0.784716573357582,0.029304953403770925
200,0.07924411999617724,12.641756233781422,0.05144172207119697,0.2289156626506024,28.893513750172144,0.30000001192092896,0.7869062715768814,0.02985239611938596
201,0.9871625833826156,5.856081192530892,0.05006699501468952,0.07865168539325842,25.007000376153897,0.30000001192092896,0.8010735493898392,0.030651753321290016
202,0.36409935135751026,11.521055103325667,0.034900093126546426,0.21153846153846154,49.23919465002257,0.30000001192092896,0.7824235653877258,0.028188831377774476
203,0.0013302866169201241,16.375133075866202,0.046670246075374455,0.3424657534246575,52.22933335943562,0.30000001192092896,0.7884861207008362,0.029450485315173865
204,0.851113857195852,8.362816336045286,0.05096719009369823,0.12048192771084337,26.45671116196832,0.30000001192092896,0.7951211935281753,0.033146013282239435
205,0.34269388068012374,15.348329659034228,0.04719135985674508,0.2857142857142857,57.34752974981381,0.30000001192092896,0.7959543710947037,0.030967546179890632
206,0.96695677743607,14.50009317127982,0.06643464601920024,0.2804878048780488,40.60707047159948,0.30000001192092896,0.8033779418468475,0.029955266602337362
207,0.16497219300470975,9.162071357070895,0.05303544596914641,0.1728395061728395,33.04566158751233,0.30000001192092896,0.7941888993978501,0.034124680794775486
208,0.26345235416859714,13.717228601675016,0.04121475765246777,0.2571428571428571,44.17160428317254,0.30000001192092896,0.7979531860351563,0.029864207692444324
209,0.5929380605911883,7.637734364449307,0.036912188128536375,0.10975609756097561,26.53235938249481,0.30000001192092896,0.7991701734066009,0.028481212947517633
210,0.9004415119582845,8.591012654361961,0.044040843752871775,0.125,29.44090201717797,0.30000001192092896,0.7976344758272171,0.029678228180855512
211,0.7958805660757201,6.203073084074816,0.052197461904863685,0.056179775280898875,21.597139591853384,0.30000001192092896,0.7966053259372711,0.02880218466743827
212,0.8620831461246059,12.24965741721314,0.05958339078975463,0.2235294117647059,36.75601349928024,0.30000001192092896,0.7985378843545914,0.02982402129098773
213,0.2451288245439716,11.53618191977189,0.04833468213843047,0.23170731707317074,27.690131055877007,0.30000001192092896,0.8022777259349823,0.0298853793554008
214,0.9945501386413084,11.92242821166918,0.06882441565202091,0.17857142857142858,55.81458152088423,0.30000001192092896,0.805139245390892,0.029450801890343426
215,0.08277292449214806,12.118059685800377,0.04472465651458062,0.25806451612903225,46.38505520970186,0.30000001192092896,0.8011246442794799,0.03033450921997428
216,0.6841248161999791,10.840149053490038,0.0527376850685138,0.189873417721519,39.294160379925934,0.30000001192092896,0.8023934626579284,0.029599135238677264
217,0.014354752029176894,10.349498432830515,0.041570376079967525,0.11392405063291139,41.935732246683,0.30000001192092896,0.8057366645336151,0.029838156942278145
218,0.9883252749147066,9.543390528258664,0.06582253191306389,0.12790697674418605,29.664522946751173,0.30000001192092896,0.8046064561605454,0.028862774521112442
219,0.30503908520383766,12.804058857750645,0.0418286208100836,0.19753086419753085,47.51504829350609,0.30000001192092896,0.8026768600940705,0.029632487911731006
220,0.12497014816086675,10.914797129128289,0.04233079122827929,0.12790697674418605,48.20019942328729,0.30000001192092896,0.8009364825487136,0.028800302501767874
221,0.24689719327787849,17.392522683024502,0.04235010511438078,0.3225806451612903,59.23672802477192,0.30000001192092896,0.8028066807985306,0.03033998154103756
222,0.5359855644703057,10.753351676137271,0.05004798725217819,0.15853658536585366,26.200723585472375,0.30000001192092896,0.7989795815944671,0.030063403844833372
223,0.9363103605342776,12.20985616743506,0.056367877176363636,0.1511627906976744,52.859761081407555,0.30000001192092896,0.8109271842241287,0.03102096766233444
224,0.04741522409993845,12.663046044308835,0.03305136504800828,0.2537313432835821,52.23929548157574,0.30000001192092896,0.8067518413066864,0.030505894143134357
225,0.3226921289802392,9.954456090209028,0.042489549999681846,0.1797752808988764,36.06003509581571,0.30000001192092896,0.8055292707681656,0.030401233527809383
226,0.9645304174876104,12.852554253561738,0.07130781753122321,0.2625,42.39748677662594,0.30000001192092896,0.8057007914781571,0.03157219024375081
227,0.9715701146069919,8.679104005044545,0.06423969895970745,0.12,35.058143457257756,0.30000001192092896,0.8112889927625656,0.032016523256897925
228,0.07782071265992105,13.504071437072831,0.023413424598529083,0.23529411764705882,54.38996175535309,0.30000001192092896,0.8109096163511276,0.029485824313014747
229,0.28112720485221127,10.575309328268084,0.05153599493345651,0.18309859154929578,42.51986699631465,0.30000001192092896,0.8200137424468994,0.03337612893432379
230,0.14223441895207423,7.597591633419766,0.046890630234142784,0.13095238095238096,30.646830515897587,0.30000001192092896,0.8063836592435837,0.028964537512511015
231,0.9909473496093097,8.101697810080177,0.049960155114360166,0.10975609756097561,25.37391010311386,0.30000001192092896,0.8111627739667893,0.030776038095355035
232,0.6188170654758588,14.436416745306039,0.051652598662599636,0.2727272727272727,52.4382943349465,0.30000001192092896,0.8176624536514282,0.03397143891081214
233,0.059025568476297904,8.551154498209153,0.040752414316842414,0.046875,19.515861770663008,0.30000001192092896,0.8172054249048233,0.03191487599164247
234,0.9915623565520215,5.441588721762197,0.05147317584198165,0.05555555555555555,19.981717283902867,0.30000001192092896,0.8148595476150513,0.0333408934995532
235,0.005029487236461923,10.421796400340178,0.055308457237218965,0.15853658536585366,27.802028115583653,0.30000001192092896,0.8176711273193359,0.03244376370683313
236,0.05190651542699617,12.025519902130911,0.03621476984493195,0.14705882352941177,52.1535719197205,0.30000001192092896,0.8162152594327927,0.03282075794413686
237,0.20982549453469335,15.070563412142569,0.046938884561878384,0.3114754098360656,51.317213803621186,0.30000001192092896,0.8156918686628342,0.031545594055205586
238,0.17833580157592002,9.400857373169682,0.04922578642709288,0.14814814814814814,29.668822407650605,0.30000001192092896,0.8163613575696945,0.031928867269307375
239,0.06624709657275762,12.253561769939108,0.02985485622579608,0.2558139534883721,40.056829955605366,0.30000001192092896,0.822319244146347,0.032630046177655456
240,0.2678198053631249,10.919024638389711,0.04053294358439196,0.21839080459770116,31.803632689316363,0.30000001192092896,0.811630893945694,0.033740177247673274
241,0.4836948216932613,7.340436330002695,0.036518937932214196,0.0975609756097561,34.86849129247628,0.30000001192092896,0.8142069554328919,0.03218007216230035
242,0.9469733958212928,7.156157427205598,0.04299923210620642,0.12941176470588237,47.023754205505426,0.30000001192092896,0.8154145765304566,0.03091526120901108
243,0.2607951701995735,6.9963021812005115,0.04366752476916162,0.08888888888888889,22.703926171027003,0.30000001192092896,0.8158892685174942,0.03207469381392002
244,0.061965913151945475,12.127573713080212,0.04471426960702628,0.2948717948717949,31.893408544775536,0.30000001192092896,0.8192256194353104,0.03211666060611606
245,0.09128103985557029,10.49809553676537,0.04342839984798394,0.15789473684210525,28.8271968690526,0.30000001192092896,0.8177266764640808,0.03197525160387158
246,0.24078141743436274,12.429601003378869,0.047071223137917166,0.21176470588235294,39.737207007906854,0.30000001192092896,0.8188093876838685,0.03259009465575218
247,0.9993643610279694,9.413283651215075,0.07189179519777279,0.14772727272727273,29.315595430764056,0.30000001192092896,0.8258746975660324,0.03120033061131835
248,0.014552176323675642,9.433776800983079,0.06626913152723778,0.14285714285714285,46.3730582412367,0.30000001192092896,0.8152866041660309,0.029821530673652886
249,0.10216944400593714,12.684179406715868,0.04042617529556931,0.2702702702702703,31.873664531209112,0.30000001192092896,0.8182810413837432,0.030628549698740244
250,0.9625606685496858,14.58677371390508,0.06643860288413461,0.175,59.54549616120704,0.30000001192092896,0.8180066955089569,0.033229942247271535
251,0.7886802500796957,4.6701302293245455,0.04289169679977373,0.07692307692307693,20.425113500382132,0.30000001192092896,0.8154534137248993,0.03163365183398128
252,0.028580535807318643,8.650058734379343,0.03261569168057224,0.10144927536231885,24.819156632419883,0.30000001192092896,0.8114978116750717,0.0337651183642447
253,0.009671128548399804,8.345657279821918,0.03501201800046928,0.1111111111111111,21.48245214743454,0.30000001192092896,0.8207005262374878,0.033140835165977475
254,0.23106309474173886,9.302173095429676,0.07119197183237051,0.06666666666666667,25.289600000036646,0.30000001192092896,0.823453888297081,0.03181434167549014
255,0.1781040463723113,9.645179753908948,0.04436755266585266,0.11904761904761904,36.17692334701371,0.30000001192092896,0.8208377665281296,0.03424487724900246
256,0.0644857607036246,11.75804893959818,0.04094637678161344,0.20689655172413793,36.7415902191874,0.30000001192092896,0.8208392333984375,0.03284298462793231
257,0.9719009700022982,8.95066737064759,0.07625212358458949,0.07954545454545454,24.180551221009264,0.30000001192092896,0.8268174260854722,0.03285128740593791
258,0.7909693484702849,14.071785156606119,0.07316234675214198,0.22784810126582278,49.050956014747385,0.30000001192092896,0.8239043802022934,0.030291437674313783
259,0.9917251493870703,7.621862800418215,0.08227093210545819,0.08045977011494253,23.726698220856818,0.30000001192092896,0.8270789957046509,0.03202346047386527
260,0.6949703260999188,9.62018830929445,0.06459022293334836,0.07142857142857142,25.442786550708476,0.30000001192092896,0.8246201545000076,0.033134689908474686
261,0.4950151762086079,10.975031131123314,0.04829477755587144,0.2073170731707317,37.55160190560367,0.30000001192092896,0.8236841613054275,0.03570361241698265
262,0.13810476956472922,8.469413487697802,0.047124656465318736,0.14893617021276595,29.204321509297554,0.30000001192092896,0.8298193615674972,0.03370738726109266
263,0.6912083185096438,5.205978189582611,0.032555654844717105,0.033707865168539325,16.942420785393608,0.30000001192092896,0.8259339934587479,0.03346704788506031
264,0.6607063044313501,10.09050154794595,0.05940070342550856,0.12048192771084337,30.010637397058655,0.30000001192092896,0.8214144074916839,0.03177279820665717
265,0.09027806507312508,10.160899354883124,0.04169115398604398,0.1625,38.868005486369256,0.30000001192092896,0.8291772180795669,0.030609890837222337
266,0.11703473491655966,10.591191030932517,0.049904225511610015,0.19753086419753085,33.96165292182864,0.30000001192092896,0.8303370332717895,0.03454179376363754
267,0.2021275133664029,9.477993327145512,0.035236335563001854,0.15294117647058825,27.1117914266089,0.30000001192092896,0.8218175351619721,0.0329165905714035
268,0.567163363775742,13.633779571710667,0.061397608317687515,0.25316455696202533,49.41690292863013,0.30000001192092896,0.8305479675531388,0.03419694311916828
269,0.4258274983049489,7.66043363438844,0.06525080381518213,0.12987012987012986,35.63760048826395,0.30000001192092896,0.8228884983062744,0.0355407284758985
270,0.7114577280417903,7.626002543183843,0.06363103316134175,0.08791208791208792,23.6519215564983,0.30000001192092896,0.8370926749706268,0.03319683050736785
271,0.8823269355696248,8.417662954650247,0.050422218394385494,0.1566265060240964,27.108995447875913,0.30000001192092896,0.8377599024772644,0.03174151422455907
272,0.010741793727167883,14.235284966313344,0.03686507500459285,0.2463768115942029,52.69250166874935,0.30000001192092896,0.8266414177417755,0.033783170506358144
273,0.8600989421242371,7.410850878711598,0.059706074071082,0.07692307692307693,22.1396675719352,0.30000001192092896,0.8298441672325134,0.03511125816032291
274,0.999106587699832,8.81869312103715,0.07580975568742991,0.10526315789473684,24.16747704624484,0.30000001192092896,0.8315439504384995,0.036570559460669755
275,0.9999076146978191,9.303415946328126,0.07916782952752971,0.16304347826086957,29.893386275450258,0.30000001192092896,0.8318756395578384,0.034437013305723664
276,0.9547559077900118,4.13161127264355,0.04152653395338355,0.042105263157894736,16.222906508980483,0.30000001192092896,0.8240027981996536,0.03719322420656681
277,0.9943079712159792,14.413306582695732,0.06861577551853541,0.22857142857142856,55.038959727183254,0.30000001192092896,0.8401805239915848,0.03574815284460783
278,0.06546793198530862,10.51578623713821,0.0325350522066719,0.23076923076923078,34.385727712213296,0.30000001192092896,0.8248573040962219,0.03220579734072089
279,0.6847985879970664,10.862163196044232,0.05116181372114626,0.1744186046511628,52.84028552038763,0.30000001192092896,0.8320504599809646,0.03479991029947996
280,0.738107911711245,11.285808188961138,0.04979209261331224,0.2,39.82138130068662,0.30000001192092896,0.8252073389291763,0.03768562987446785
281,0.8203567415668807,10.614145476572443,0.06968131904530787,0.14606741573033707,28.39531530175331,0.30000001192092896,0.8277337592840195,0.037222141698002816
282,0.5688715265779098,8.986312933246767,0.06109294725550851,0.08571428571428572,27.087605346971653,0.30000001192092896,0.8247677707672119,0.03690838212147355
283,0.9162891426282819,12.102800347299068,0.0766172437970347,0.2111111111111111,33.69732703837928,0.30000001192092896,0.8304781556129456,0.03556278474628925
284,0.9645288782891345,8.068866883687877,0.04727955162108814,0.07228915662650602,21.558354240320938,0.30000001192092896,0.8411419290304184,0.034201093502342704
285,0.002127979399800575,12.151303910946591,0.045743922748981994,0.225,32.08946413068177,0.30000001192092896,0.8347965383529663,0.03236695285886526
286,0.12930189819035556,14.708984389866389,0.035630814867240616,0.28169014084507044,43.338127531323316,0.30000001192092896,0.8365841054916382,0.03408836299553514
287,0.23006163739098756,7.230232140960643,0.05926107872560137,0.10606060606060606,38.172935271642416,0.30000001192092896,0.834283493757248,0.033746531754732134
288,0.9232009629315485,8.877717540436883,0.07328156309570853,0.13636363636363635,28.937090896105378,0.30000001192092896,0.8382798445224762,0.03234010336920619
289,0.0008067252630720327,10.520742018178272,0.031700146749708065,0.15384615384615385,44.59767037821644,0.30000001192092896,0.8346475112438202,0.040939344856888056
290,0.23142890727758947,6.463117491514039,0.035475598574984835,0.125,32.731443047984904,0.30000001192092896,0.8353650772571564,0.03445217687636614
291,0.884228230020181,9.1980707216362,0.0633549228063874,0.09411764705882353,23.231756247219092,0.30000001192092896,0.8287549877166748,0.03378154208883643
292,0.40642966613913245,8.406564118942555,0.05682012520385878,0.13095238095238096,31.70674984791438,0.30000001192092896,0.8324105918407441,0.03171465883031487
293,0.6925407375673905,7.766480672629786,0.03857751624571346,0.08536585365853659,23.901215789665738,0.30000001192092896,0.8375924569368363,0.034530044738203286
294,0.48396105722034327,10.2503087206893,0.046157001861667234,0.17647058823529413,32.91866448728278,0.30000001192092896,0.8363151979446412,0.03613822862505913
295,0.7845013832848684,10.05659891894614,0.04942562604986143,0.16883116883116883,33.6694401615506,0.30000001192092896,0.8339804297685623,0.03540036929771304
296,0.6448488011089856,11.122698048962429,0.07496165072178301,0.1411764705882353,37.26902322766256,0.30000001192092896,0.8344694292545318,0.0349283236823976
297,0.981871293207148,8.188896796558852,0.0840027405733024,0.12941176470588237,24.395629650051166,0.30000001192092896,0.8399753165245056,0.033612187150865794
298,0.7819222630204887,10.886386874414551,0.07594809137268334,0.1875,38.37560816660574,0.30000001192092896,0.8341846424341202,0.03367948146536946
299,0.8264209589939768,9.522988086446604,0.05732651239408285,0.10975609756097561,24.781313170161503,0.30000001192092896,0.8329875630140304,0.03391493175178766
